163
163
163
163
163
163
163
163
163
163
163
163
163
163
163
163
163
163
163
163
163
163
163
163
163
163
163
163
163
163
163
163
163
163
163
163
163
163
163
163
163
163
163
163
163
163
163
163
163
163
163
163
161
163
162
163
162
161
156
154
154
151
163
149
163
159
151
135
133
124
112
163
108
162
148
103
90
83
63
50
163
69
161
124
61
47
38
29
15
163
17
153
85
30
24
10
5
1
163
6
159
65
16
13
4
1
0
163
1
144
68
12
10
1
0
0
163
0
150
54
8
5
0
0
0
162
0
140
56
12
7
0
0
0
163
0
136
36
5
3
0
0
0
163
0
128
34
10
7
0
0
0
161
0
131
41
9
7
0
0
0
161
0
129
35
4
4
0
0
0
162
0
124
25
6
2
0
0
0
162
0
117
31
2
3
0
0
0
160
