163
163
163
163
163
163
163
163
163
163
163
163
163
163
163
163
163
163
163
163
163
163
163
163
163
163
163
163
163
163
163
163
163
163
163
163
163
163
163
162
163
163
163
163
163
163
161
157
154
148
163
163
163
163
163
162
152
143
132
110
163
163
163
163
161
149
126
90
58
41
163
163
163
163
147
101
57
28
22
13
163
163
163
158
117
60
17
7
2
0
163
163
163
130
57
16
0
0
0
0
163
163
163
97
24
6
0
0
0
0
163
163
160
59
0
0
0
0
0
0
163
163
142
19
0
0
0
0
0
0
163
163
118
10
0
0
0
0
0
0
163
163
81
4
0
0
0
0
0
0
163
163
50
1
0
0
0
0
0
0
163
163
21
0
0
0
0
0
0
0
163
156
14
0
0
0
0
0
0
0
163
158
3
0
0
0
0
0
0
0
163
133
1
0
0
0
0
0
0
0
163
114
2
1
0
0
0
0
0
0
